30.500000
30.500000
30.500000
30.500000
30.500000
30.500000
30.600000
30.600000
30.700000
30.700000
30.900000
30.900000
31.000000
31.000000
31.200000
31.200000
31.400000
31.400000
31.700000
31.700000
32.000000
32.000000
32.200000
32.200000
32.400000
32.400000
32.500000
32.500000
32.700000
32.700000
33.000000
33.000000
33.500000
33.500000
33.700000
33.700000
33.900000
33.900000
34.000000
34.000000
34.100000
34.100000
34.200000
34.200000
34.200000
34.200000
34.300000
34.300000
34.400000
34.400000
34.600000
34.600000
34.600000
34.600000
34.800000
34.800000
34.800000
34.800000
34.900000
34.900000
35.000000
35.000000
35.000000
35.000000
35.100000
35.100000
35.400000
35.400000
35.400000
35.400000
35.500000
35.500000
35.600000
35.600000
35.700000
35.700000
35.800000
35.800000
35.800000
35.800000
35.900000
35.900000
35.900000
35.900000
36.000000
36.000000
36.000000
36.000000
36.000000
36.000000
36.000000
36.000000
36.000000
36.000000
36.000000
36.000000
36.100000
36.100000
36.100000
36.100000
36.100000
36.100000
36.100000
36.100000
36.100000
36.100000
36.100000
36.100000
36.000000
36.000000
36.000000
36.000000
35.900000
35.900000
35.800000
35.800000
35.700000
35.700000
35.600000
35.600000
35.500000
35.500000
35.400000
35.400000
35.100000
35.100000
35.100000
35.100000
35.000000
35.000000
35.000000
35.000000
34.900000
34.900000
34.800000
34.800000
34.700000
34.700000
34.600000
34.600000
34.600000
34.600000
34.500000
34.500000
34.400000
34.400000
34.400000
34.400000
34.300000
34.300000
34.200000
