637.948547,0.004000,-0.980000
637.949916,0.004000,-0.960000
637.951285,0.008000,-1.000000
637.952653,0.008000,-1.020000
637.954022,0.008000,-0.980000
637.955390,0.004000,-1.000000
637.956759,0.004000,-0.940000
637.958127,0.008000,-0.120000
637.959496,0.012000,0.060000
637.960864,0.008000,0.080000
637.962233,0.008000,0.080000
637.963601,0.008000,0.100000
637.964970,0.008000,0.120000
637.966339,0.004000,0.100000
637.967707,0.004000,0.080000
637.969076,0.008000,0.100000
637.970444,0.012000,0.100000
637.971813,0.008000,0.120000
637.973181,0.008000,0.080000
637.974550,0.004000,0.100000
637.975918,0.008000,0.100000
637.977287,0.012000,0.120000
637.978655,0.008000,0.120000
637.980024,0.004000,0.080000
637.981393,0.012000,0.100000
637.982761,0.008000,0.100000
637.984130,0.012000,0.120000
637.985498,0.012000,0.140000
637.986867,0.008000,0.140000
637.988235,0.008000,0.140000
637.989604,0.008000,0.140000
637.990972,0.012000,0.120000
637.992341,0.012000,0.120000
637.993709,0.012000,0.120000
637.995078,0.004000,0.100000
637.996447,0.008000,0.120000
637.997815,0.008000,0.100000
637.999184,0.004000,0.100000
638.000552,0.008000,0.120000
638.001921,0.008000,0.100000
638.003289,0.008000,0.100000
638.004658,0.012000,0.120000
638.006026,0.008000,0.100000
638.007395,0.008000,0.120000
638.008764,0.008000,0.140000
638.010132,0.008000,0.120000
638.011501,0.012000,0.100000
638.012869,0.004000,0.120000
638.014238,0.008000,0.080000
638.015606,0.012000,0.120000
638.016975,0.012000,0.120000
638.018343,0.012000,0.120000
638.019712,0.008000,0.100000
638.021080,0.004000,0.100000
638.022449,0.008000,0.120000
638.023818,0.008000,0.100000
638.025186,0.008000,0.100000
638.026555,0.008000,0.100000
638.027923,0.012000,0.120000
638.029292,0.008000,0.100000
638.030660,0.016000,0.100000
638.032029,0.012000,0.120000
638.033397,0.008000,0.100000
638.034766,0.008000,0.120000
638.036134,0.008000,0.080000
638.037503,0.008000,0.120000
638.038872,0.004000,0.120000
638.040240,0.008000,0.100000
638.041609,0.008000,0.120000
638.042977,0.008000,0.120000
638.044346,0.008000,0.120000
638.045714,0.004000,0.120000
638.047083,0.004000,0.120000
638.048451,0.008000,0.120000
638.049820,0.012000,-0.700000
638.051188,0.008000,-0.960000
638.052557,0.004000,-0.980000
638.053926,0.008000,-0.980000
638.055294,0.008000,-0.980000
638.056663,0.008000,-0.980000
638.058031,0.008000,-0.980000
638.059400,0.008000,-1.000000
638.060768,0.008000,-1.000000
638.062137,0.012000,-1.000000
638.063505,0.012000,-1.020000
638.064874,0.008000,-1.000000
638.066242,0.004000,-0.980000
638.067611,0.004000,-0.980000
638.068980,0.008000,-1.000000
638.070348,0.008000,-0.960000
638.071717,0.008000,-0.980000
638.073085,0.008000,-1.000000
638.074454,0.004000,-0.960000
638.075822,0.008000,-0.980000
638.077191,0.008000,-0.980000
638.078559,0.008000,-1.000000
638.079928,0.012000,-0.980000
638.081297,0.012000,-0.980000
638.082665,0.012000,-0.980000
638.084034,0.008000,-0.980000
638.085402,0.008000,-1.000000
638.086771,0.012000,-0.960000
638.088139,0.008000,-0.980000
638.089508,0.004000,-0.980000
638.090876,0.004000,-1.000000
638.092245,0.004000,-0.980000
638.093613,0.004000,-1.020000
638.094982,0.012000,-1.000000
638.096351,0.008000,-0.980000
638.097719,0.008000,-0.980000
638.099088,0.008000,-0.980000
638.100456,0.004000,-1.000000
638.101825,0.008000,-0.980000
638.103193,0.008000,-1.000000
638.104562,0.008000,-0.980000
638.105930,0.012000,-0.980000
638.107299,0.008000,-1.000000
638.108667,0.008000,-1.000000
638.110036,0.008000,-0.980000
638.111405,0.008000,-0.980000
638.112773,0.008000,-1.000000
638.114142,0.008000,-0.960000
638.115510,0.004000,-1.000000
638.116879,0.012000,-1.020000
638.118247,0.008000,-1.000000
638.119616,0.008000,-1.000000
638.120984,0.008000,-0.980000
638.122353,0.008000,-1.000000
638.123721,0.004000,-1.000000
638.125090,0.008000,-1.000000
638.126459,0.012000,-0.980000
638.127827,0.012000,-1.020000
638.129196,0.008000,-1.000000
638.130564,0.004000,-1.020000
638.131933,0.012000,-1.000000
638.133301,0.008000,-1.000000
638.134670,0.008000,-0.980000
638.136038,0.008000,-0.980000
638.137407,0.008000,-0.980000
638.138776,0.008000,-1.000000
638.140144,0.012000,-1.000000
638.141513,0.008000,-1.020000
638.142881,0.008000,-1.000000
638.144250,0.008000,-1.000000
638.145618,0.008000,-1.000000
638.146987,0.008000,-1.020000
638.148355,0.008000,-1.000000
638.149724,0.008000,-1.020000
638.151092,0.008000,-0.980000
638.152461,0.008000,-0.980000
638.153830,0.008000,-0.980000
638.155198,0.008000,-1.000000
638.156567,0.008000,-0.820000
638.157935,0.008000,-0.540000
638.159304,0.008000,-0.560000
638.160672,0.004000,-0.540000
638.162041,0.008000,-0.580000
638.163409,0.012000,-0.580000
638.164778,0.008000,-0.580000
638.166146,0.012000,-0.560000
638.167515,0.008000,-0.580000
638.168884,0.008000,-0.560000
638.170252,0.012000,-0.560000
638.171621,0.008000,-0.580000
638.172989,0.008000,-0.560000
638.174358,0.012000,-0.560000
638.175726,0.008000,-0.560000
638.177095,0.012000,-0.560000
638.178463,0.012000,-0.580000
638.179832,0.008000,-0.580000
638.181200,0.004000,-0.560000
638.182569,0.004000,-0.560000
638.183938,0.008000,-0.540000
638.185306,0.008000,-0.600000
638.186675,0.008000,-0.600000
638.188043,0.008000,-0.580000
638.189412,0.008000,-0.560000
638.190780,0.012000,-0.580000
638.192149,0.008000,-0.580000
638.193517,0.012000,-0.600000
638.194886,0.012000,-0.600000
638.196255,0.008000,-0.580000
638.197623,0.004000,-0.600000
638.198992,0.008000,-0.600000
638.200360,0.008000,-0.580000
638.201729,0.008000,-0.580000
638.203097,0.008000,-0.580000
638.204466,0.012000,-0.580000
638.205834,0.008000,-0.560000
638.207203,0.012000,-0.580000
638.208571,0.012000,-0.560000
638.209940,0.004000,-0.580000
638.211309,0.008000,-0.560000
638.212677,0.012000,-0.540000
638.214046,0.008000,-0.600000
638.215414,0.012000,-0.600000
638.216783,0.008000,-0.580000
638.218151,0.004000,-0.580000
638.219520,0.004000,-0.560000
638.220888,0.004000,-0.580000
638.222257,0.004000,-0.600000
638.223625,0.008000,-0.580000
638.224994,0.008000,-0.600000
638.226363,0.004000,-0.580000
638.227731,0.004000,-0.580000
638.229100,0.008000,-0.580000
638.230468,0.012000,-0.580000
638.231837,0.012000,-0.580000
638.233205,0.004000,-0.580000
638.234574,0.008000,-0.600000
638.235942,0.012000,-0.580000
638.237311,0.008000,-0.560000
638.238679,0.012000,-0.580000
638.240048,0.008000,-0.560000
638.241417,0.012000,-0.600000
638.242785,0.004000,-0.580000
638.244154,0.012000,-0.580000
638.245522,0.008000,-0.580000
638.246891,0.012000,-0.560000
638.248259,0.008000,-0.600000
638.249628,0.008000,-0.900000
638.250996,0.004000,-0.960000
638.252365,0.012000,-0.980000
638.253733,0.008000,-0.980000
638.255102,0.004000,-1.000000
638.256471,0.008000,-0.980000
638.257839,0.004000,-0.980000
638.259208,0.008000,-0.980000
638.260576,0.008000,-0.960000
638.261945,0.012000,-1.000000
638.263313,0.012000,-0.980000
638.264682,0.012000,-0.980000
638.266050,0.012000,-0.980000
638.267419,0.004000,-0.980000
638.268788,0.008000,-0.980000
638.270156,0.012000,-0.980000
638.271525,0.004000,-0.980000
638.272893,0.004000,-0.980000
638.274262,0.008000,-0.980000
638.275630,0.012000,-0.980000
638.276999,0.008000,-0.980000
638.278367,0.008000,-0.980000
638.279736,0.008000,-0.960000
638.281104,0.008000,-0.960000
638.282473,0.012000,-1.020000
638.283842,0.004000,-1.000000
638.285210,0.008000,-1.020000
638.286579,0.012000,-0.980000
638.287947,0.012000,-0.980000
638.289316,0.008000,-0.980000
638.290684,0.008000,-0.960000
638.292053,0.004000,-0.960000
638.293421,0.004000,-0.960000
638.294790,0.008000,-0.960000
638.296158,0.008000,-0.980000
638.297527,0.004000,-0.980000
638.298896,0.012000,-0.960000
638.300264,0.012000,-0.980000
638.301633,0.008000,-1.000000
638.303001,0.008000,-1.000000
638.304370,0.012000,-0.960000
638.305738,0.008000,-1.000000
638.307107,0.008000,-1.000000
638.308475,0.004000,-0.960000
638.309844,0.004000,-0.960000
638.311212,0.008000,-0.960000
638.312581,0.012000,-0.960000
638.313950,0.012000,-0.980000
638.315318,0.008000,-0.980000
638.316687,0.012000,-0.960000
638.318055,0.008000,-0.980000
638.319424,0.008000,-0.980000
638.320792,0.008000,-1.000000
638.322161,0.008000,-1.000000
638.323529,0.012000,-1.000000
638.324898,0.012000,-0.960000
638.326267,0.008000,-0.960000
638.327635,0.008000,-0.960000
638.329004,0.008000,-0.960000
638.330372,0.008000,-1.000000
638.331741,0.004000,-0.980000
638.333109,0.008000,-1.000000
638.334478,0.008000,-0.960000
638.335846,0.008000,-0.960000
638.337215,0.008000,-0.960000
638.338583,0.008000,-0.980000
638.339952,0.008000,-0.960000
638.341321,0.008000,-0.980000
638.342689,0.008000,-0.980000
638.344058,0.012000,-0.980000
638.345426,0.012000,-0.980000
638.346795,0.008000,-0.980000
638.348163,0.004000,-0.960000
638.349532,0.012000,-1.000000
638.350900,0.008000,-1.000000
638.352269,0.012000,-0.980000
638.353637,0.012000,-0.980000
638.355006,0.004000,-0.940000
638.356375,0.004000,-0.760000
638.357743,0.008000,-0.600000
638.359112,0.012000,-0.580000
638.360480,0.008000,-0.580000
638.361849,0.008000,-0.580000
638.363217,0.008000,-0.580000
638.364586,0.000000,-0.560000
638.365954,0.008000,-0.580000
638.367323,0.008000,-0.580000
638.368691,0.008000,-0.560000
638.370060,0.008000,-0.560000
638.371429,0.004000,-0.560000
638.372797,0.008000,-0.540000
638.374166,0.004000,-0.560000
638.375534,0.008000,-0.540000
638.376903,0.008000,-0.560000
638.378271,0.004000,-0.580000
638.379640,0.012000,-0.560000
638.381008,0.008000,-0.560000
638.382377,0.012000,-0.560000
638.383745,0.008000,-0.580000
638.385114,0.008000,-0.540000
638.386483,0.008000,-0.560000
638.387851,0.012000,-0.580000
638.389220,0.012000,-0.580000
638.390588,0.004000,-0.580000
638.391957,0.008000,-0.560000
638.393325,0.008000,-0.560000
638.394694,0.004000,-0.580000
638.396062,0.004000,-0.560000
638.397431,0.012000,-0.600000
638.398800,0.008000,-0.580000
638.400168,0.012000,-0.580000
638.401537,0.008000,-0.580000
638.402905,0.008000,-0.560000
638.404274,0.008000,-0.600000
638.405642,0.004000,-0.580000
638.407011,0.008000,-0.580000
638.408379,0.008000,-0.580000
638.409748,0.008000,-0.580000
638.411116,0.012000,-0.620000
638.412485,0.004000,-0.580000
638.413854,0.012000,-0.600000
638.415222,0.008000,-0.540000
638.416591,0.012000,-0.580000
638.417959,0.008000,-0.580000
638.419328,0.008000,-0.580000
638.420696,0.008000,-0.580000
638.422065,0.008000,-0.560000
638.423433,0.012000,-0.580000
638.424802,0.008000,-0.600000
638.426170,0.008000,-0.580000
638.427539,0.008000,-0.560000
638.428908,0.004000,-0.560000
638.430276,0.008000,-0.580000
638.431645,0.004000,-0.560000
638.433013,0.004000,-0.560000
638.434382,0.008000,-0.560000
638.435750,0.008000,-0.580000
638.437119,0.008000,-0.580000
638.438487,0.008000,-0.580000
638.439856,0.004000,-0.580000
638.441224,0.008000,-0.560000
638.442593,0.008000,-0.580000
638.443962,0.008000,-0.580000
638.445330,0.004000,-0.600000
638.446699,0.008000,-0.580000
638.448067,0.008000,-0.580000
638.449436,0.008000,-0.940000
638.450804,0.008000,-0.980000
638.452173,0.008000,-0.960000
638.453541,0.004000,-1.000000
638.454910,0.004000,-0.980000
638.456279,0.004000,-0.980000
638.457647,0.004000,-1.000000
638.459016,0.008000,-0.980000
638.460384,0.004000,-0.960000
638.461753,0.004000,-0.960000
638.463121,0.008000,-0.960000
638.464490,0.008000,-0.980000
638.465858,0.008000,-0.980000
638.467227,0.012000,-0.980000
638.468595,0.004000,-0.980000
638.469964,0.008000,-0.980000
638.471333,0.004000,-0.980000
638.472701,0.000000,-0.980000
638.474070,0.008000,-0.960000
638.475438,0.004000,-1.000000
638.476807,0.008000,-0.980000
638.478175,0.008000,-0.980000
638.479544,0.008000,-1.000000
638.480912,0.008000,-0.940000
638.482281,0.012000,-0.960000
638.483649,0.008000,-0.980000
638.485018,0.008000,-0.980000
638.486387,0.012000,-0.980000
638.487755,0.012000,-0.960000
638.489124,0.008000,-0.980000
638.490492,0.008000,-0.960000
638.491861,0.008000,-0.960000
638.493229,0.012000,-0.980000
638.494598,0.008000,-0.980000
638.495966,0.012000,-1.000000
638.497335,0.008000,-1.000000
638.498703,0.004000,-0.960000
638.500072,0.008000,-0.980000
638.501441,0.008000,-0.980000
638.502809,0.008000,-1.000000
638.504178,0.008000,-0.980000
638.505546,0.008000,-0.980000
638.506915,0.004000,-0.980000
638.508283,0.004000,-0.960000
638.509652,0.008000,-1.000000
638.511020,0.008000,-0.960000
638.512389,0.008000,-0.960000
638.513758,0.004000,-0.980000
638.515126,0.004000,-0.960000
638.516495,0.008000,-0.960000
638.517863,0.012000,-0.980000
638.519232,0.008000,-0.960000
638.520600,0.008000,-0.960000
638.521969,0.004000,-0.940000
638.523337,0.004000,-0.980000
638.524706,0.004000,-0.980000
638.526074,0.004000,-0.960000
638.527443,0.004000,-0.960000
638.528812,0.004000,-0.960000
638.530180,0.004000,-0.960000
638.531549,0.000000,-0.980000
638.532917,0.000000,-0.980000
638.534286,0.004000,-0.980000
638.535654,0.004000,-0.960000
638.537023,0.000000,-0.980000
638.538391,0.004000,-0.980000
638.539760,0.004000,-1.000000
638.541128,0.000000,-0.980000
638.542497,-0.004000,-0.960000
638.543866,-0.004000,-0.960000
638.545234,-0.004000,-0.980000
638.546603,0.004000,-1.000000
638.547971,-0.004000,-0.980000
638.549340,0.000000,-0.980000
638.550708,0.000000,-0.980000
638.552077,0.000000,-0.980000
638.553445,0.000000,-0.980000
638.554814,-0.004000,-0.980000
638.556182,0.000000,-0.720000
638.557551,0.004000,-0.560000
638.558920,0.000000,-0.560000
638.560288,0.004000,-0.540000
638.561657,0.000000,-0.580000
638.563025,0.000000,-0.580000
638.564394,0.000000,-0.560000
638.565762,0.000000,-0.560000
638.567131,0.004000,-0.560000
638.568499,0.004000,-0.580000
638.569868,0.004000,-0.560000
638.571236,0.000000,-0.560000
638.572605,0.004000,-0.580000
638.573974,0.000000,-0.560000
638.575342,0.000000,-0.540000
638.576711,0.004000,-0.560000
638.578079,0.000000,-0.560000
638.579448,0.000000,-0.560000
638.580816,0.000000,-0.560000
638.582185,0.004000,-0.580000
638.583553,0.004000,-0.560000
638.584922,0.012000,-0.580000
638.586291,0.000000,-0.560000
638.587659,0.004000,-0.580000
638.589028,0.004000,-0.580000
638.590396,0.000000,-0.580000
638.591765,0.008000,-0.600000
638.593133,0.004000,-0.580000
638.594502,0.008000,-0.560000
638.595870,0.008000,-0.580000
638.597239,0.008000,-0.560000
638.598607,0.008000,-0.580000
638.599976,0.000000,-0.580000
638.601345,0.004000,-0.580000
638.602713,0.008000,-0.580000
638.604082,0.004000,-0.600000
638.605450,0.004000,-0.580000
638.606819,0.008000,-0.560000
638.608187,0.000000,-0.580000
638.609556,0.008000,-0.580000
638.610924,0.004000,-0.580000
638.612293,0.008000,-0.560000
638.613661,0.008000,-0.560000
638.615030,0.004000,-0.580000
638.616399,0.004000,-0.560000
638.617767,0.008000,-0.560000
638.619136,0.008000,-0.560000
638.620504,0.008000,-0.600000
638.621873,0.008000,-0.580000
638.623241,0.008000,-0.580000
638.624610,0.004000,-0.580000
638.625978,0.008000,-0.580000
638.627347,0.008000,-0.580000
638.628715,0.012000,-0.560000
638.630084,0.008000,-0.580000
638.631453,0.004000,-0.560000
638.632821,0.004000,-0.600000
638.634190,0.004000,-0.560000
638.635558,0.004000,-0.580000
638.636927,0.004000,-0.580000
638.638295,0.008000,-0.600000
638.639664,0.008000,-0.580000
638.641032,0.008000,-0.580000
638.642401,0.008000,-0.580000
638.643770,0.004000,-0.560000
638.645138,0.004000,-0.560000
638.646507,0.004000,-0.580000
638.647875,0.008000,-0.780000
638.649244,0.004000,-0.940000
638.650612,0.008000,-0.980000
638.651981,0.012000,-0.980000
638.653349,0.012000,-0.980000
638.654718,0.008000,-0.980000
638.656086,0.012000,-0.940000
638.657455,0.004000,-0.960000
638.658824,0.008000,-1.000000
638.660192,0.012000,-0.980000
638.661561,0.008000,-0.980000
638.662929,0.008000,-0.980000
638.664298,0.008000,-1.000000
638.665666,0.008000,-0.960000
638.667035,0.008000,-0.960000
638.668403,0.008000,-1.000000
638.669772,0.008000,-0.960000
638.671140,0.008000,-0.960000
638.672509,0.004000,-0.980000
638.673878,0.008000,-0.980000
638.675246,0.008000,-1.000000
638.676615,0.008000,-0.980000
638.677983,0.008000,-0.960000
638.679352,0.008000,-0.980000
638.680720,0.004000,-0.980000
638.682089,0.008000,-1.000000
638.683457,0.008000,-1.000000
638.684826,0.008000,-0.980000
638.686194,0.008000,-0.940000
638.687563,0.008000,-0.980000
638.688932,0.008000,-0.980000
638.690300,0.004000,-0.980000
638.691669,0.012000,-1.020000
638.693037,0.012000,-0.940000
638.694406,0.008000,-0.980000
638.695774,0.012000,-0.980000
638.697143,0.008000,-0.960000
638.698511,0.008000,-0.960000
638.699880,0.008000,-0.960000
638.701248,0.008000,-0.960000
638.702617,0.004000,-0.980000
638.703986,0.004000,-0.980000
638.705354,0.008000,-0.980000
638.706723,0.008000,-0.980000
638.708091,0.012000,-0.980000
638.709460,0.008000,-1.000000
638.710828,0.004000,-0.960000
638.712197,0.012000,-0.960000
638.713565,0.012000,-0.980000
638.714934,0.008000,-0.960000
638.716303,0.004000,-0.960000
638.717671,0.008000,-0.980000
638.719040,0.008000,-0.980000
638.720408,0.008000,-0.980000
638.721777,0.008000,-1.000000
638.723145,0.008000,-0.980000
638.724514,0.004000,-0.960000
638.725882,0.008000,-0.980000
638.727251,0.008000,-0.980000
638.728619,0.008000,-0.960000
638.729988,0.008000,-0.980000
638.731357,0.008000,-0.960000
638.732725,0.008000,-0.960000
638.734094,0.004000,-0.960000
638.735462,0.004000,-0.980000
638.736831,0.008000,-1.000000
638.738199,0.004000,-0.980000
638.739568,0.008000,-1.000000
638.740936,0.008000,-1.000000
638.742305,0.012000,-1.000000
638.743673,0.004000,-0.980000
638.745042,0.008000,-0.980000
638.746411,0.004000,-0.960000
638.747779,0.008000,-0.960000
638.749148,0.012000,-0.980000
638.750516,0.008000,-0.980000
638.751885,0.012000,-0.960000
638.753253,0.008000,-0.960000
638.754622,0.008000,-1.000000
638.755990,0.008000,-0.680000
638.757359,0.008000,-0.600000
638.758727,0.008000,-0.580000
638.760096,0.008000,-0.580000
638.761465,0.004000,-0.560000
638.762833,0.008000,-0.580000
638.764202,0.008000,-0.580000
638.765570,0.008000,-0.600000
638.766939,0.004000,-0.580000
638.768307,0.008000,-0.580000
638.769676,0.008000,-0.540000
638.771044,0.008000,-0.580000
638.772413,0.008000,-0.580000
638.773782,0.012000,-0.580000
638.775150,0.008000,-0.560000
638.776519,0.008000,-0.580000
638.777887,0.012000,-0.580000
638.779256,0.008000,-0.580000
638.780624,0.008000,-0.580000
638.781993,0.008000,-0.560000
638.783361,0.012000,-0.580000
638.784730,0.004000,-0.580000
638.786098,0.004000,-0.580000
638.787467,0.008000,-0.560000
638.788836,0.008000,-0.560000
638.790204,0.012000,-0.560000
638.791573,0.008000,-0.580000
638.792941,0.008000,-0.580000
638.794310,0.008000,-0.580000
638.795678,0.008000,-0.560000
638.797047,0.004000,-0.560000
638.798415,0.012000,-0.580000
638.799784,0.008000,-0.580000
638.801152,0.008000,-0.560000
638.802521,0.008000,-0.560000
638.803890,0.008000,-0.600000
638.805258,0.012000,-0.580000
638.806627,0.008000,-0.580000
638.807995,0.008000,-0.580000
638.809364,0.008000,-0.560000
638.810732,0.012000,-0.580000
638.812101,0.008000,-0.560000
638.813469,0.008000,-0.580000
638.814838,0.008000,-0.560000
638.816206,0.008000,-0.580000
638.817575,0.008000,-0.600000
638.818944,0.008000,-0.560000
638.820312,0.008000,-0.580000
638.821681,0.008000,-0.560000
638.823049,0.008000,-0.580000
638.824418,0.008000,-0.600000
638.825786,0.008000,-0.600000
638.827155,0.008000,-0.580000
638.828523,0.008000,-0.580000
638.829892,0.008000,-0.560000
638.831261,0.008000,-0.580000
638.832629,0.008000,-0.600000
638.833998,0.004000,-0.580000
638.835366,0.008000,-0.540000
638.836735,0.012000,-0.580000
638.838103,0.008000,-0.560000
638.839472,0.004000,-0.580000
638.840840,0.012000,-0.580000
638.842209,0.008000,-0.560000
638.843577,0.008000,-0.600000
638.844946,0.008000,-0.580000
638.846315,0.008000,-0.600000
638.847683,0.012000,-0.580000
638.849052,0.008000,-0.600000
638.850420,0.008000,-0.600000
638.851789,0.008000,-0.580000
638.853157,0.008000,-0.580000
638.854526,0.008000,-0.580000
638.855894,0.012000,-0.580000
638.857263,0.008000,-0.580000
638.858631,0.008000,-0.580000
638.860000,0.008000,-0.580000
638.861369,0.008000,-0.580000
638.862737,0.012000,-0.760000
638.864106,0.008000,-0.980000
638.865474,0.008000,-1.000000
638.866843,0.008000,-0.980000
638.868211,0.008000,-0.960000
638.869580,0.004000,-0.980000
638.870948,0.008000,-1.000000
638.872317,0.004000,-1.000000
638.873685,0.008000,-0.980000
638.875054,0.004000,-0.980000
638.876423,0.008000,-0.980000
638.877791,0.008000,-1.000000
638.879160,0.008000,-1.000000
638.880528,0.012000,-0.960000
638.881897,0.008000,-0.980000
638.883265,0.008000,-0.960000
638.884634,0.008000,-0.980000
638.886002,0.012000,-0.980000
638.887371,0.012000,-0.960000
638.888739,0.008000,-0.980000
638.890108,0.008000,-0.980000
638.891477,0.008000,-0.960000
638.892845,0.008000,-1.000000
638.894214,0.008000,-0.960000
638.895582,0.008000,-0.960000
638.896951,0.004000,-0.980000
638.898319,0.008000,-1.000000
638.899688,0.008000,-0.960000
638.901056,0.012000,-1.000000
638.902425,0.004000,-0.980000
638.903794,0.004000,-1.000000
638.905162,0.008000,-0.980000
638.906531,0.004000,-0.960000
638.907899,0.004000,-1.000000
638.909268,0.012000,-1.000000
638.910636,0.012000,-0.980000
638.912005,0.012000,-0.980000
638.913373,0.012000,-0.980000
638.914742,0.008000,-0.960000
638.916110,0.012000,-1.000000
638.917479,0.004000,-0.980000
638.918848,0.008000,-1.000000
638.920216,0.008000,-0.980000
638.921585,0.008000,-0.980000
638.922953,0.008000,-1.000000
638.924322,0.004000,-0.960000
638.925690,0.008000,-0.980000
638.927059,0.008000,-0.960000
638.928427,0.008000,-0.980000
638.929796,0.008000,-0.980000
638.931164,0.008000,-0.980000
638.932533,0.008000,-0.980000
638.933902,0.012000,-1.000000
638.935270,0.004000,-0.960000
638.936639,0.008000,-0.960000
638.938007,0.008000,-0.960000
638.939376,0.008000,-0.980000
638.940744,0.008000,-0.940000
638.942113,0.008000,-0.980000
638.943481,0.004000,-1.000000
638.944850,0.008000,-0.980000
638.946218,0.008000,-0.980000
638.947587,0.008000,-0.980000
638.948956,0.008000,-0.980000
638.950324,0.008000,-0.960000
638.951693,0.008000,-0.980000
638.953061,0.012000,-0.980000
638.954430,0.004000,-1.000000
638.955798,0.004000,-0.040000
638.957167,0.008000,0.120000
638.958535,0.008000,0.100000
638.959904,0.008000,0.120000
638.961273,0.004000,0.100000
638.962641,0.008000,0.080000
638.964010,0.008000,0.100000
638.965378,0.008000,0.100000
638.966747,0.008000,0.100000
638.968115,0.012000,0.100000
638.969484,0.004000,0.120000
638.970852,0.004000,0.120000
638.972221,0.008000,0.120000
638.973589,0.004000,0.120000
638.974958,0.004000,0.080000
638.976327,0.008000,0.100000
638.977695,0.008000,0.100000
638.979064,0.008000,0.080000
638.980432,0.008000,0.100000
638.981801,0.004000,0.120000
638.983169,0.012000,0.080000
638.984538,0.012000,0.100000
638.985906,0.008000,0.100000
638.987275,0.004000,0.100000
638.988643,0.008000,0.100000
638.990012,0.012000,0.100000
638.991381,0.012000,0.100000
638.992749,0.008000,0.100000
638.994118,0.004000,0.100000
638.995486,0.008000,0.120000
638.996855,0.004000,0.120000
638.998223,0.004000,0.100000
638.999592,0.008000,0.140000
639.000960,0.012000,0.120000
639.002329,0.008000,0.120000
639.003697,0.008000,0.120000
639.005066,0.008000,0.120000
639.006435,0.004000,0.140000
639.007803,0.004000,0.120000
639.009172,0.004000,0.120000
639.010540,0.012000,0.100000
639.011909,0.008000,0.120000
639.013277,0.008000,0.120000
639.014646,0.008000,0.100000
639.016014,0.008000,0.100000
639.017383,0.004000,0.080000
639.018752,0.008000,0.120000
639.020120,0.008000,0.140000
639.021489,0.012000,0.100000
639.022857,0.008000,0.120000
639.024226,0.008000,0.140000
639.025594,0.012000,0.140000
639.026963,0.004000,0.120000
639.028331,0.008000,0.140000
639.029700,0.008000,0.120000
639.031068,0.008000,0.100000
639.032437,0.008000,0.120000
639.033806,0.004000,0.120000
639.035174,0.012000,0.120000
639.036543,0.008000,0.120000
639.037911,0.004000,0.120000
639.039280,0.008000,0.100000
639.040648,0.000000,0.100000
639.042017,0.008000,0.140000
639.043385,0.008000,0.100000
639.044754,0.008000,0.100000
639.046122,0.004000,0.100000
639.047491,0.008000,0.100000
639.048860,0.008000,0.100000
639.050228,0.012000,0.120000
639.051597,0.008000,0.120000
639.052965,0.008000,0.140000
639.054334,0.012000,0.120000
639.055702,0.008000,0.140000
639.057071,0.004000,0.100000
639.058439,0.004000,0.100000
639.059808,0.008000,0.120000
639.061176,0.008000,0.140000
639.062545,0.012000,-0.660000
639.063914,0.004000,-0.940000
639.065282,0.008000,-0.980000
639.066651,0.008000,-1.000000
639.068019,0.008000,-1.000000
639.069388,0.008000,-0.980000
639.070756,0.008000,-0.980000
639.072125,0.008000,-0.980000
639.073493,0.008000,-0.980000
639.074862,0.008000,-0.960000
639.076230,0.008000,-0.980000
639.077599,0.012000,-0.960000
639.078968,0.004000,-0.980000
639.080336,0.004000,-1.000000
639.081705,0.004000,-1.000000
639.083073,0.004000,-1.000000
639.084442,0.004000,-0.980000
639.085810,0.008000,-0.980000
639.087179,0.008000,-0.960000
639.088547,0.012000,-0.980000
639.089916,0.008000,-0.980000
639.091285,0.008000,-1.000000
639.092653,0.008000,-0.960000
639.094022,0.008000,-1.020000
639.095390,0.012000,-1.000000
639.096759,0.004000,-0.980000
639.098127,0.008000,-0.980000
639.099496,0.012000,-0.980000
639.100864,0.008000,-1.000000
639.102233,0.012000,-1.000000
639.103601,0.012000,-0.980000
639.104970,0.004000,-0.980000
639.106339,0.012000,-0.980000
639.107707,0.008000,-0.980000
639.109076,0.008000,-1.000000
639.110444,0.004000,-0.980000
639.111813,0.012000,-0.960000
639.113181,0.008000,-0.980000
639.114550,0.008000,-0.980000
639.115918,0.008000,-1.000000
639.117287,0.008000,-1.000000
639.118655,0.012000,-1.020000
639.120024,0.012000,-1.000000
639.121393,0.008000,-1.000000
639.122761,0.008000,-0.980000
639.124130,0.008000,-1.000000
639.125498,0.008000,-1.000000
639.126867,0.008000,-1.000000
639.128235,0.008000,-1.000000
639.129604,0.008000,-1.000000
639.130972,0.004000,-1.000000
639.132341,0.008000,-0.980000
639.133709,0.008000,-1.000000
639.135078,0.012000,-1.000000
639.136447,0.008000,-0.980000
639.137815,0.008000,-1.000000
639.139184,0.004000,-1.000000
639.140552,0.004000,-1.000000
639.141921,0.004000,-0.980000
639.143289,0.008000,-1.020000
639.144658,0.012000,-1.020000
639.146026,0.008000,-0.980000
639.147395,0.012000,-1.020000
639.148764,0.012000,-1.000000
639.150132,0.004000,-0.980000
639.151501,0.008000,-1.000000
639.152869,0.004000,-0.980000
639.154238,0.008000,-0.720000
639.155606,0.004000,-0.580000
639.156975,0.012000,-0.580000
639.158343,0.008000,-0.560000
639.159712,0.012000,-0.560000
639.161080,0.008000,-0.560000
639.162449,0.008000,-0.580000
639.163818,0.004000,-0.560000
639.165186,0.012000,-0.560000
639.166555,0.008000,-0.580000
639.167923,0.008000,-0.580000
639.169292,0.008000,-0.540000
639.170660,0.012000,-0.560000
639.172029,0.008000,-0.580000
639.173397,0.008000,-0.580000
639.174766,0.004000,-0.580000
639.176134,0.008000,-0.560000
639.177503,0.004000,-0.560000
639.178872,0.008000,-0.580000
639.180240,0.008000,-0.580000
639.181609,0.012000,-0.560000
639.182977,0.008000,-0.560000
639.184346,0.012000,-0.540000
639.185714,0.008000,-0.580000
639.187083,0.004000,-0.560000
639.188451,0.008000,-0.560000
639.189820,0.012000,-0.560000
639.191188,0.008000,-0.580000
639.192557,0.008000,-0.580000
639.193926,0.008000,-0.560000
639.195294,0.012000,-0.560000
639.196663,0.012000,-0.560000
639.198031,0.008000,-0.540000
639.199400,0.004000,-0.580000
639.200768,0.008000,-0.580000
639.202137,0.012000,-0.580000
639.203505,0.008000,-0.560000
639.204874,0.012000,-0.580000
639.206242,0.008000,-0.580000
639.207611,0.004000,-0.580000
639.208980,0.008000,-0.580000
639.210348,0.008000,-0.580000
639.211717,0.008000,-0.580000
639.213085,0.012000,-0.560000
639.214454,0.012000,-0.580000
639.215822,0.004000,-0.580000
639.217191,0.012000,-0.580000
639.218559,0.004000,-0.560000
639.219928,0.012000,-0.580000
639.221297,0.008000,-0.580000
639.222665,0.008000,-0.580000
639.224034,0.008000,-0.600000
639.225402,0.008000,-0.600000
639.226771,0.012000,-0.560000
639.228139,0.008000,-0.560000
639.229508,0.012000,-0.580000
639.230876,0.012000,-0.580000
639.232245,0.008000,-0.580000
639.233613,0.008000,-0.580000
639.234982,0.012000,-0.560000
639.236351,0.004000,-0.560000
639.237719,0.012000,-0.580000
639.239088,0.008000,-0.580000
639.240456,0.004000,-0.580000
639.241825,0.008000,-0.560000
639.243193,0.012000,-0.560000
639.244562,0.008000,-0.560000
639.245930,0.008000,-0.600000
639.247299,0.012000,-0.540000
639.248667,0.012000,-0.580000
639.250036,0.008000,-0.580000
639.251405,0.008000,-0.580000
639.252773,0.008000,-0.580000
639.254142,0.016000,-0.580000
639.255510,0.008000,-0.600000
639.256879,0.008000,-0.560000
639.258247,0.008000,-0.560000
639.259616,0.008000,-0.600000
639.260984,0.008000,-0.540000
639.262353,0.008000,-0.920000
639.263721,0.008000,-0.960000
639.265090,0.012000,-0.960000
639.266459,0.008000,-0.960000
639.267827,0.008000,-0.940000
639.269196,0.008000,-0.980000
639.270564,0.008000,-1.000000
639.271933,0.008000,-0.960000
639.273301,0.008000,-0.960000
639.274670,0.008000,-0.960000
639.276038,0.004000,-0.960000
639.277407,0.004000,-0.960000
639.278776,0.012000,-0.980000
639.280144,0.012000,-0.980000
639.281513,0.012000,-1.000000
639.282881,0.012000,-1.000000
639.284250,0.012000,-0.960000
639.285618,0.008000,-0.960000
639.286987,0.008000,-0.960000
639.288355,0.008000,-0.980000
639.289724,0.008000,-0.980000
639.291092,0.004000,-0.980000
639.292461,0.008000,-1.000000
639.293830,0.008000,-0.960000
639.295198,0.012000,-0.960000
639.296567,0.008000,-0.960000
639.297935,0.012000,-0.960000
639.299304,0.012000,-0.980000
639.300672,0.012000,-0.980000
639.302041,0.004000,-0.980000
639.303409,0.008000,-0.980000
639.304778,0.004000,-0.960000
639.306146,0.012000,-0.980000
639.307515,0.008000,-0.980000
639.308884,0.012000,-0.980000
639.310252,0.004000,-0.980000
639.311621,0.004000,-0.960000
639.312989,0.008000,-1.020000
639.314358,0.012000,-1.000000
639.315726,0.012000,-0.980000
639.317095,0.008000,-0.980000
639.318463,0.012000,-0.980000
639.319832,0.008000,-0.960000
639.321200,0.008000,-0.960000
639.322569,0.004000,-0.980000
639.323938,0.012000,-0.980000
639.325306,0.008000,-0.980000
639.326675,0.004000,-0.980000
639.328043,0.004000,-0.980000
639.329412,0.008000,-0.980000
639.330780,0.012000,-1.000000
639.332149,0.008000,-0.960000
639.333517,0.008000,-0.980000
639.334886,0.008000,-0.960000
639.336255,0.012000,-1.020000
639.337623,0.012000,-0.980000
639.338992,0.008000,-1.000000
639.340360,0.012000,-0.980000
639.341729,0.012000,-0.960000
639.343097,0.012000,-0.980000
639.344466,0.008000,-0.980000
639.345834,0.012000,-0.980000
639.347203,0.008000,-0.980000
639.348571,0.008000,-1.000000
639.349940,0.004000,-0.980000
639.351309,0.012000,-0.980000
639.352677,0.008000,-0.980000
639.354046,0.008000,-0.700000
639.355414,0.004000,-0.580000
639.356783,0.012000,-0.560000
639.358151,0.004000,-0.560000
639.359520,0.012000,-0.580000
639.360888,0.004000,-0.600000
639.362257,0.008000,-0.540000
639.363625,0.008000,-0.560000
639.364994,0.012000,-0.580000
639.366363,0.012000,-0.580000
639.367731,0.008000,-0.580000
639.369100,0.012000,-0.580000
639.370468,0.008000,-0.560000
639.371837,0.008000,-0.560000
639.373205,0.012000,-0.560000
639.374574,0.012000,-0.580000
639.375942,0.004000,-0.580000
639.377311,0.004000,-0.560000
639.378679,0.012000,-0.540000
639.380048,0.008000,-0.580000
639.381417,0.012000,-0.580000
639.382785,0.012000,-0.560000
639.384154,0.008000,-0.600000
639.385522,0.012000,-0.560000
639.386891,0.008000,-0.580000
639.388259,0.008000,-0.580000
639.389628,0.008000,-0.580000
639.390996,0.012000,-0.600000
639.392365,0.012000,-0.580000
639.393733,0.008000,-0.580000
639.395102,0.008000,-0.600000
639.396471,0.008000,-0.560000
639.397839,0.012000,-0.580000
639.399208,0.008000,-0.580000
639.400576,0.012000,-0.560000
639.401945,0.008000,-0.580000
639.403313,0.012000,-0.580000
639.404682,0.012000,-0.580000
639.406050,0.012000,-0.560000
639.407419,0.012000,-0.580000
639.408788,0.012000,-0.560000
639.410156,0.008000,-0.560000
639.411525,0.012000,-0.580000
639.412893,0.004000,-0.560000
639.414262,0.012000,-0.600000
639.415630,0.012000,-0.580000
639.416999,0.012000,-0.600000
639.418367,0.008000,-0.580000
639.419736,0.008000,-0.580000
639.421104,0.008000,-0.560000
639.422473,0.008000,-0.560000
639.423842,0.008000,-0.580000
639.425210,0.012000,-0.560000
639.426579,0.008000,-0.560000
639.427947,0.016000,-0.580000
639.429316,0.016000,-0.560000
639.430684,0.016000,-0.580000
639.432053,0.016000,-0.580000
639.433421,0.016000,-0.560000
639.434790,0.016000,-0.580000
639.436158,0.016000,-0.580000
639.437527,0.012000,-0.580000
639.438896,0.012000,-0.560000
639.440264,0.012000,-0.580000
639.441633,0.020000,-0.580000
639.443001,0.016000,-0.600000
639.444370,0.016000,-0.580000
639.445738,0.016000,-0.600000
639.447107,0.016000,-0.560000
639.448475,0.016000,-0.580000
639.449844,0.012000,-0.580000
639.451212,0.024000,-0.600000
639.452581,0.020000,-0.580000
639.453950,0.020000,-0.560000
639.455318,0.016000,-0.580000
639.456687,0.020000,-0.580000
639.458055,0.016000,-0.580000
639.459424,0.020000,-0.580000
639.460792,0.020000,-0.580000
639.462161,0.020000,-0.920000
639.463529,0.020000,-0.980000
639.464898,0.024000,-0.980000
639.466267,0.028000,-0.980000
639.467635,0.024000,-0.960000
639.469004,0.020000,-0.960000
639.470372,0.020000,-0.980000
639.471741,0.024000,-0.980000
639.473109,0.024000,-0.980000
639.474478,0.024000,-0.960000
639.475846,0.024000,-1.000000
639.477215,0.020000,-0.980000
639.478583,0.020000,-0.980000
639.479952,0.020000,-0.980000
639.481321,0.020000,-0.980000
639.482689,0.028000,-0.980000
639.484058,0.024000,-1.000000
639.485426,0.024000,-1.020000
639.486795,0.024000,-0.980000
639.488163,0.024000,-0.980000
639.489532,0.024000,-1.000000
639.490900,0.024000,-0.980000
639.492269,0.024000,-0.980000
639.493637,0.024000,-0.980000
639.495006,0.024000,-1.020000
639.496375,0.024000,-1.000000
639.497743,0.024000,-0.980000
639.499112,0.024000,-0.960000
639.500480,0.032000,-1.000000
639.501849,0.024000,-1.000000
639.503217,0.024000,-0.960000
639.504586,0.024000,-0.980000
639.505954,0.024000,-0.980000
639.507323,0.024000,-1.000000
639.508691,0.028000,-1.000000
639.510060,0.028000,-0.980000
639.511429,0.024000,-0.980000
639.512797,0.024000,-0.960000
639.514166,0.020000,-0.980000
639.515534,0.024000,-0.960000
639.516903,0.024000,-0.980000
639.518271,0.028000,-0.960000
639.519640,0.032000,-0.980000
639.521008,0.028000,-0.980000
639.522377,0.032000,-0.980000
639.523745,0.032000,-0.940000
639.525114,0.032000,-1.000000
639.526483,0.028000,-1.020000
639.527851,0.032000,-0.980000
639.529220,0.028000,-0.980000
639.530588,0.032000,-1.000000
639.531957,0.032000,-0.980000
639.533325,0.036000,-0.980000
639.534694,0.032000,-0.980000
639.536062,0.036000,-0.980000
639.537431,0.032000,-0.980000
639.538800,0.036000,-0.980000
639.540168,0.032000,-1.020000
639.541537,0.036000,-0.980000
639.542905,0.036000,-0.960000
639.544274,0.040000,-0.980000
639.545642,0.044000,-0.960000
639.547011,0.036000,-0.960000
639.548379,0.040000,-0.960000
639.549748,0.044000,-1.000000
639.551116,0.040000,-1.020000
639.552485,0.040000,-0.980000
639.553854,0.044000,-0.680000
639.555222,0.044000,-0.600000
639.556591,0.044000,-0.540000
639.557959,0.044000,-0.560000
639.559328,0.040000,-0.580000
639.560696,0.044000,-0.560000
639.562065,0.052000,-0.580000
639.563433,0.052000,-0.580000
639.564802,0.052000,-0.560000
639.566170,0.052000,-0.560000
639.567539,0.052000,-0.560000
639.568908,0.056000,-0.580000
639.570276,0.056000,-0.580000
639.571645,0.056000,-0.580000
639.573013,0.056000,-0.560000
639.574382,0.056000,-0.540000
639.575750,0.060000,-0.580000
639.577119,0.060000,-0.560000
639.578487,0.060000,-0.580000
639.579856,0.064000,-0.580000
639.581224,0.064000,-0.600000
639.582593,0.064000,-0.600000
639.583962,0.064000,-0.560000
639.585330,0.068000,-0.580000
639.586699,0.076000,-0.580000
639.588067,0.072000,-0.580000
639.589436,0.072000,-0.580000
639.590804,0.076000,-0.560000
639.592173,0.076000,-0.560000
639.593541,0.076000,-0.580000
639.594910,0.080000,-0.560000
639.596279,0.076000,-0.580000
639.597647,0.076000,-0.580000
639.599016,0.080000,-0.600000
639.600384,0.080000,-0.580000
639.601753,0.084000,-0.560000
639.603121,0.084000,-0.600000
639.604490,0.088000,-0.560000
639.605858,0.084000,-0.560000
639.607227,0.088000,-0.580000
639.608595,0.092000,-0.580000
639.609964,0.088000,-0.560000
639.611333,0.092000,-0.600000
639.612701,0.092000,-0.580000
639.614070,0.092000,-0.580000
639.615438,0.092000,-0.600000
639.616807,0.092000,-0.580000
639.618175,0.096000,-0.600000
639.619544,0.100000,-0.600000
639.620912,0.096000,-0.580000
639.622281,0.100000,-0.580000
639.623649,0.100000,-0.580000
639.625018,0.100000,-0.580000
639.626387,0.104000,-0.580000
639.627755,0.104000,-0.600000
639.629124,0.104000,-0.580000
639.630492,0.112000,-0.600000
639.631861,0.108000,-0.580000
639.633229,0.108000,-0.560000
639.634598,0.112000,-0.560000
639.635966,0.112000,-0.580000
639.637335,0.116000,-0.600000
639.638703,0.112000,-0.580000
639.640072,0.112000,-0.580000
639.641441,0.120000,-0.580000
639.642809,0.116000,-0.580000
639.644178,0.120000,-0.580000
639.645546,0.124000,-0.580000
639.646915,0.124000,-0.580000
639.648283,0.124000,-0.560000
639.649652,0.128000,-0.560000
639.651020,0.124000,-0.560000
639.652389,0.132000,-0.580000
639.653758,0.132000,-0.560000
639.655126,0.132000,-0.580000
639.656495,0.140000,-0.580000
639.657863,0.140000,-0.580000
639.659232,0.140000,-0.560000
639.660600,0.144000,-0.760000
639.661969,0.144000,-0.960000
639.663337,0.144000,-1.000000
639.664706,0.140000,-0.980000
639.666074,0.148000,-1.000000
639.667443,0.144000,-0.980000
639.668812,0.156000,-0.980000
639.670180,0.152000,-0.980000
639.671549,0.152000,-0.980000
639.672917,0.148000,-0.980000
639.674286,0.152000,-0.980000
639.675654,0.156000,-1.000000
639.677023,0.160000,-0.980000
639.678391,0.156000,-0.960000
639.679760,0.156000,-0.960000
639.681128,0.160000,-0.980000
639.682497,0.156000,-0.980000
639.683866,0.156000,-0.960000
639.685234,0.156000,-0.980000
639.686603,0.164000,-1.000000
639.687971,0.160000,-1.000000
639.689340,0.164000,-0.980000
639.690708,0.160000,-1.000000
639.692077,0.164000,-0.980000
639.693445,0.168000,-1.000000
639.694814,0.164000,-0.980000
639.696182,0.164000,-0.960000
639.697551,0.164000,-0.960000
639.698920,0.168000,-1.000000
639.700288,0.172000,-0.960000
639.701657,0.168000,-0.980000
639.703025,0.168000,-0.960000
639.704394,0.172000,-1.000000
639.705762,0.164000,-0.980000
639.707131,0.164000,-1.000000
639.708499,0.168000,-0.980000
639.709868,0.164000,-0.960000
639.711236,0.164000,-1.000000
639.712605,0.168000,-1.000000
639.713974,0.168000,-0.980000
639.715342,0.160000,-0.980000
639.716711,0.164000,-1.000000
639.718079,0.160000,-0.980000
639.719448,0.160000,-0.980000
639.720816,0.164000,-1.000000
639.722185,0.164000,-0.980000
639.723553,0.164000,-1.000000
639.724922,0.168000,-0.980000
639.726291,0.164000,-0.980000
639.727659,0.164000,-0.960000
639.729028,0.164000,-0.960000
639.730396,0.164000,-0.960000
639.731765,0.164000,-0.960000
639.733133,0.164000,-0.980000
639.734502,0.164000,-0.960000
639.735870,0.164000,-0.980000
639.737239,0.168000,-0.960000
639.738607,0.164000,-0.980000
639.739976,0.168000,-0.960000
639.741345,0.164000,-0.980000
639.742713,0.164000,-0.980000
639.744082,0.168000,-0.980000
639.745450,0.164000,-0.960000
639.746819,0.168000,-1.000000
639.748187,0.160000,-0.980000
639.749556,0.160000,-0.980000
639.750924,0.164000,-0.980000
639.752293,0.164000,-1.000000
639.753661,0.164000,-0.620000
639.755030,0.160000,-0.580000
639.756399,0.160000,-0.600000
639.757767,0.156000,-0.580000
639.759136,0.156000,-0.580000
639.760504,0.156000,-0.580000
639.761873,0.152000,-0.560000
639.763241,0.156000,-0.580000
639.764610,0.156000,-0.580000
639.765978,0.156000,-0.600000
639.767347,0.148000,-0.600000
639.768715,0.152000,-0.580000
639.770084,0.148000,-0.540000
639.771453,0.152000,-0.580000
639.772821,0.148000,-0.580000
639.774190,0.148000,-0.580000
639.775558,0.144000,-0.580000
639.776927,0.152000,-0.580000
639.778295,0.148000,-0.540000
639.779664,0.148000,-0.580000
639.781032,0.148000,-0.580000
639.782401,0.144000,-0.560000
639.783770,0.144000,-0.560000
639.785138,0.144000,-0.560000
639.786507,0.140000,-0.580000
639.787875,0.144000,-0.600000
639.789244,0.140000,-0.580000
639.790612,0.140000,-0.580000
639.791981,0.140000,-0.580000
639.793349,0.140000,-0.580000
639.794718,0.140000,-0.580000
639.796086,0.140000,-0.580000
639.797455,0.136000,-0.600000
639.798824,0.136000,-0.600000
639.800192,0.132000,-0.580000
639.801561,0.136000,-0.560000
639.802929,0.132000,-0.560000
639.804298,0.136000,-0.580000
639.805666,0.128000,-0.560000
639.807035,0.128000,-0.580000
639.808403,0.124000,-0.560000
639.809772,0.124000,-0.580000
639.811140,0.124000,-0.580000
639.812509,0.124000,-0.600000
639.813878,0.120000,-0.580000
639.815246,0.120000,-0.560000
639.816615,0.116000,-0.580000
639.817983,0.112000,-0.580000
639.819352,0.116000,-0.560000
639.820720,0.116000,-0.600000
639.822089,0.116000,-0.600000
639.823457,0.112000,-0.580000
639.824826,0.116000,-0.580000
639.826194,0.112000,-0.580000
639.827563,0.108000,-0.580000
639.828932,0.112000,-0.580000
639.830300,0.104000,-0.580000
639.831669,0.104000,-0.560000
639.833037,0.104000,-0.560000
639.834406,0.104000,-0.580000
639.835774,0.108000,-0.560000
639.837143,0.104000,-0.540000
639.838511,0.100000,-0.580000
639.839880,0.100000,-0.580000
639.841248,0.096000,-0.560000
639.842617,0.096000,-0.580000
639.843986,0.088000,-0.580000
639.845354,0.088000,-0.580000
639.846723,0.084000,-0.560000
639.848091,0.092000,-0.580000
639.849460,0.088000,-0.600000
639.850828,0.084000,-0.600000
639.852197,0.084000,-0.600000
639.853565,0.080000,-0.580000
639.854934,0.080000,-0.580000
639.856303,0.080000,-0.580000
639.857671,0.076000,-0.580000
639.859040,0.080000,-0.580000
639.860408,0.076000,-0.800000
639.861777,0.072000,-1.000000
639.863145,0.072000,-0.960000
639.864514,0.072000,-0.980000
639.865882,0.068000,-0.980000
639.867251,0.072000,-0.980000
639.868619,0.064000,-1.000000
639.869988,0.068000,-0.980000
639.871357,0.060000,-0.980000
639.872725,0.060000,-0.980000
639.874094,0.060000,-0.960000
639.875462,0.060000,-1.000000
639.876831,0.060000,-0.980000
639.878199,0.060000,-1.000000
639.879568,0.056000,-0.980000
639.880936,0.052000,-0.980000
639.882305,0.056000,-0.980000
639.883673,0.056000,-0.980000
639.885042,0.048000,-1.000000
639.886411,0.048000,-0.980000
639.887779,0.048000,-0.980000
639.889148,0.044000,-0.960000
639.890516,0.044000,-1.000000
639.891885,0.044000,-1.000000
639.893253,0.048000,-0.980000
639.894622,0.044000,-1.000000
639.895990,0.044000,-0.980000
639.897359,0.036000,-0.980000
639.898727,0.040000,-0.960000
639.900096,0.036000,-0.980000
639.901465,0.040000,-0.980000
639.902833,0.040000,-0.960000
639.904202,0.036000,-0.980000
639.905570,0.036000,-0.940000
639.906939,0.036000,-0.980000
639.908307,0.032000,-0.980000
639.909676,0.032000,-0.980000
639.911044,0.032000,-0.980000
639.912413,0.032000,-0.960000
639.913782,0.028000,-0.980000
639.915150,0.028000,-0.980000
639.916519,0.028000,-0.980000
639.917887,0.024000,-1.000000
639.919256,0.024000,-0.960000
639.920624,0.024000,-0.960000
639.921993,0.020000,-0.960000
639.923361,0.020000,-0.980000
639.924730,0.024000,-0.960000
639.926098,0.020000,-0.980000
639.927467,0.020000,-1.000000
639.928836,0.016000,-0.960000
639.930204,0.016000,-0.960000
639.931573,0.016000,-0.980000
639.932941,0.016000,-0.980000
639.934310,0.016000,-1.000000
639.935678,0.012000,-0.960000
639.937047,0.012000,-0.980000
639.938415,0.012000,-0.960000
639.939784,0.008000,-0.980000
639.941152,0.008000,-0.980000
639.942521,0.008000,-0.980000
639.943890,0.004000,-0.980000
639.945258,0.004000,-0.960000
639.946627,0.012000,-1.000000
639.947995,0.008000,-1.000000
639.949364,0.004000,-0.960000
639.950732,0.004000,-0.980000
639.952101,0.004000,-0.980000
639.953469,0.004000,-1.000000
639.954838,0.004000,-1.000000
639.956206,0.000000,-1.000000
639.957575,0.004000,-0.980000
639.958944,0.004000,-1.000000
639.960312,0.000000,-1.000000
639.961681,0.004000,-1.000000
639.963049,0.000000,-0.960000
639.964418,0.000000,-0.980000
639.965786,0.004000,-0.980000
639.967155,0.000000,-0.980000
639.968523,0.000000,1.060000
639.969892,0.000000,1.580000
639.971261,0.000000,1.660000
639.972629,0.000000,1.680000
639.973998,0.000000,1.680000
639.975366,-0.004000,1.660000
639.976735,0.000000,1.700000
639.978103,0.000000,1.680000
639.979472,-0.004000,1.680000
639.980840,-0.004000,1.660000
639.982209,-0.004000,1.660000
639.983577,-0.004000,1.660000
639.984946,-0.004000,1.660000
639.986315,-0.004000,1.660000
639.987683,-0.008000,1.640000
639.989052,-0.008000,1.680000
639.990420,-0.012000,1.680000
639.991789,-0.008000,1.660000
639.993157,-0.004000,1.660000
639.994526,-0.004000,1.680000
639.995894,-0.008000,1.660000
639.997263,-0.012000,1.680000
639.998631,-0.008000,1.680000
640.000000,-0.008000,1.680000
640.001369,-0.008000,1.700000
640.002737,-0.004000,1.660000
640.004106,-0.012000,1.680000
640.005474,-0.008000,1.660000
640.006843,-0.008000,1.700000
640.008211,-0.004000,1.700000
640.009580,-0.004000,1.680000
640.010948,-0.012000,1.680000
640.012317,-0.008000,1.680000
640.013685,-0.012000,1.660000
640.015054,-0.008000,1.680000
640.016423,-0.008000,1.680000
640.017791,-0.004000,1.680000
640.019160,-0.004000,1.680000
640.020528,-0.008000,1.680000
640.021897,-0.012000,1.700000
640.023265,-0.004000,1.660000
640.024634,-0.008000,1.680000
640.026002,-0.004000,1.680000
640.027371,-0.008000,1.660000
640.028739,-0.008000,1.680000
640.030108,-0.004000,1.660000
640.031477,-0.008000,1.680000
640.032845,-0.004000,1.700000
640.034214,-0.004000,1.700000
640.035582,-0.008000,1.680000
640.036951,0.000000,1.680000
640.038319,-0.004000,1.680000
640.039688,0.000000,1.680000
640.041056,-0.004000,1.700000
640.042425,-0.004000,1.680000
640.043794,-0.004000,1.680000
640.045162,0.000000,1.680000
640.046531,0.000000,1.680000
640.047899,0.000000,1.660000
640.049268,0.000000,1.680000
640.050636,0.000000,1.700000
640.052005,0.000000,1.700000
640.053373,0.000000,1.700000
640.054742,0.000000,1.720000
640.056110,0.004000,1.700000
640.057479,-0.004000,1.680000
640.058848,-0.004000,1.680000
640.060216,0.000000,-0.400000
640.061585,0.004000,-0.920000
640.062953,0.008000,-0.980000
640.064322,0.004000,-0.980000
640.065690,0.000000,-0.980000
640.067059,0.004000,-1.000000
640.068427,0.000000,-1.000000
640.069796,0.004000,-1.000000
640.071164,0.004000,-0.980000
640.072533,0.008000,-1.000000
640.073902,0.004000,-0.960000
640.075270,0.008000,-1.000000
640.076639,0.004000,-1.000000
640.078007,0.004000,-0.980000
640.079376,0.004000,-0.980000
640.080744,0.004000,-1.000000
640.082113,0.004000,-1.020000
640.083481,0.004000,-0.980000
640.084850,0.004000,-0.980000
640.086218,0.004000,-0.960000
640.087587,0.008000,-0.960000
640.088956,0.004000,-0.980000
640.090324,0.004000,-0.960000
640.091693,0.004000,-1.000000
640.093061,0.008000,-0.980000
640.094430,0.008000,-0.980000
640.095798,0.004000,-1.000000
640.097167,0.008000,-1.000000
640.098535,0.004000,-0.980000
640.099904,0.004000,-1.000000
640.101273,0.004000,-1.000000
640.102641,0.004000,-0.980000
640.104010,0.004000,-1.000000
640.105378,0.012000,-1.020000
640.106747,0.008000,-1.000000
640.108115,0.004000,-1.000000
640.109484,0.004000,-1.000000
640.110852,0.004000,-1.020000
640.112221,0.008000,-1.020000
640.113589,0.008000,-1.000000
640.114958,0.004000,-1.000000
640.116327,0.004000,-1.000000
640.117695,0.004000,-1.000000
640.119064,0.004000,-1.000000
640.120432,0.004000,-1.020000
640.121801,0.004000,-1.020000
640.123169,0.004000,-1.040000
640.124538,0.004000,-1.000000
640.125906,0.008000,-1.000000
640.127275,0.008000,-1.020000
640.128643,0.012000,-1.000000
640.130012,0.012000,-1.020000
640.131381,0.008000,-0.980000
640.132749,0.004000,-1.000000
640.134118,0.004000,-1.000000
640.135486,0.004000,-1.000000
640.136855,0.004000,-1.000000
640.138223,0.008000,-0.980000
640.139592,0.004000,-1.000000
640.140960,0.004000,-1.000000
640.142329,0.008000,-1.000000
640.143697,0.008000,-1.000000
640.145066,0.008000,-0.980000
640.146435,0.008000,-0.980000
640.147803,0.004000,-1.000000
640.149172,0.008000,-1.020000
640.150540,0.008000,-1.020000
640.151909,0.012000,-1.000000
640.153277,0.008000,-1.000000
640.154646,0.004000,-1.000000
640.156014,0.004000,-1.000000
640.157383,0.008000,-0.980000
640.158752,0.008000,-1.000000
640.160120,0.008000,-1.000000
640.161489,0.012000,-1.020000
640.162857,0.004000,-1.000000
640.164226,0.004000,-0.980000
640.165594,0.012000,-1.040000
640.166963,0.008000,-0.240000
640.168331,0.008000,-0.540000
640.169700,0.008000,-0.560000
640.171068,0.008000,-0.580000
640.172437,0.012000,-0.600000
640.173806,0.008000,-0.600000
640.175174,0.012000,-0.580000
640.176543,0.008000,-0.560000
640.177911,0.008000,-0.580000
640.179280,0.012000,-0.580000
640.180648,0.004000,-0.580000
640.182017,0.008000,-0.600000
640.183385,0.012000,-0.580000
640.184754,0.004000,-0.600000
640.186122,0.012000,-0.560000
640.187491,0.008000,-0.600000
640.188860,0.008000,-0.580000
640.190228,0.008000,-0.560000
640.191597,0.008000,-0.540000
640.192965,0.004000,-0.580000
640.194334,0.004000,-0.580000
640.195702,0.008000,-0.560000
640.197071,0.008000,-0.600000
640.198439,0.008000,-0.580000
640.199808,0.004000,-0.580000
640.201176,0.008000,-0.600000
640.202545,0.012000,-0.580000
640.203914,0.008000,-0.580000
640.205282,0.012000,-0.560000
640.206651,0.004000,-0.560000
640.208019,0.004000,-0.580000
640.209388,0.012000,-0.580000
640.210756,0.008000,-0.600000
640.212125,0.004000,-0.580000
640.213493,0.004000,-0.580000
640.214862,0.004000,-0.560000
640.216230,0.012000,-0.560000
640.217599,0.008000,-0.580000
640.218968,0.008000,-0.600000
640.220336,0.012000,-0.580000
640.221705,0.008000,-0.580000
640.223073,0.008000,-0.560000
640.224442,0.008000,-0.580000
640.225810,0.004000,-0.540000
640.227179,0.004000,-0.600000
640.228547,0.008000,-0.560000
640.229916,0.008000,-0.580000
640.231285,0.008000,-0.580000
640.232653,0.008000,-0.580000
640.234022,0.008000,-0.560000
640.235390,0.004000,-0.580000
640.236759,0.008000,-0.600000
640.238127,0.004000,-0.560000
640.239496,0.004000,-0.580000
640.240864,0.008000,-0.580000
640.242233,0.012000,-0.580000
640.243601,0.008000,-0.560000
640.244970,0.012000,-0.560000
640.246339,0.008000,-0.580000
640.247707,0.012000,-0.560000
640.249076,0.012000,-0.580000
640.250444,0.008000,-0.560000
640.251813,0.004000,-0.580000
640.253181,0.004000,-0.580000
640.254550,0.008000,-0.580000
640.255918,0.008000,-0.620000
640.257287,0.008000,-0.580000
640.258655,0.004000,-0.580000
640.260024,0.004000,-0.920000
640.261393,0.004000,-0.980000
640.262761,0.004000,-0.980000
640.264130,0.008000,-0.980000
640.265498,0.008000,-1.000000
640.266867,0.008000,-1.000000
640.268235,0.012000,-0.960000
640.269604,0.004000,-0.980000
640.270972,0.008000,-0.980000
640.272341,0.008000,-0.980000
640.273709,0.008000,-0.980000
640.275078,0.008000,-0.980000
640.276447,0.004000,-0.980000
640.277815,0.000000,-0.980000
640.279184,0.008000,-1.000000
640.280552,0.008000,-0.960000
640.281921,0.008000,-0.960000
640.283289,0.004000,-0.960000
640.284658,0.012000,-1.000000
640.286026,0.008000,-0.980000
640.287395,0.008000,-1.000000
640.288764,0.008000,-0.980000
640.290132,0.008000,-0.960000
640.291501,0.004000,-0.980000
640.292869,0.004000,-0.980000
640.294238,0.008000,-0.980000
640.295606,0.008000,-0.960000
640.296975,0.012000,-0.980000
640.298343,0.008000,-1.000000
640.299712,0.008000,-1.000000
640.301080,0.004000,-0.980000
640.302449,0.012000,-0.980000
640.303818,0.004000,-0.980000
640.305186,0.008000,-0.980000
640.306555,0.008000,-0.980000
640.307923,0.012000,-1.000000
640.309292,0.008000,-1.020000
640.310660,0.012000,-0.980000
640.312029,0.008000,-0.960000
640.313397,0.008000,-1.000000
640.314766,0.008000,-1.000000
640.316134,0.008000,-1.000000
640.317503,0.008000,-0.980000
640.318872,0.008000,-0.980000
640.320240,0.008000,-0.980000
640.321609,0.012000,-1.000000
640.322977,0.008000,-0.960000
640.324346,0.008000,-0.980000
640.325714,0.008000,-1.000000
640.327083,0.008000,-0.960000
640.328451,0.008000,-0.960000
640.329820,0.008000,-0.980000
640.331188,0.008000,-0.960000
640.332557,0.008000,-1.000000
640.333926,0.008000,-0.980000
640.335294,0.008000,-0.980000
640.336663,0.004000,-0.960000
640.338031,0.008000,-0.980000
640.339400,0.008000,-0.980000
640.340768,0.008000,-0.960000
640.342137,0.012000,-0.980000
640.343505,0.008000,-0.980000
640.344874,0.008000,-1.000000
640.346242,0.008000,-1.000000
640.347611,0.004000,-1.000000
640.348980,0.008000,-0.980000
640.350348,0.004000,-0.960000
640.351717,0.012000,-0.980000
640.353085,0.008000,-1.000000
640.354454,0.012000,-1.000000
640.355822,0.008000,-0.960000
640.357191,0.008000,-0.980000
640.358559,0.004000,-0.960000
640.359928,0.008000,-0.980000
640.361297,0.004000,-0.980000
640.362665,0.004000,-0.980000
640.364034,0.008000,-0.980000
640.365402,0.008000,-1.000000
640.366771,0.004000,-0.640000
640.368139,0.008000,-0.560000
640.369508,0.008000,-0.560000
640.370876,0.008000,-0.580000
640.372245,0.008000,-0.600000
640.373613,0.008000,-0.580000
640.374982,0.008000,-0.580000
640.376351,0.012000,-0.580000
640.377719,0.012000,-0.560000
640.379088,0.012000,-0.560000
640.380456,0.012000,-0.560000
640.381825,0.008000,-0.580000
640.383193,0.008000,-0.600000
640.384562,0.008000,-0.560000
640.385930,0.004000,-0.560000
640.387299,0.004000,-0.560000
640.388667,0.008000,-0.580000
640.390036,0.008000,-0.580000
640.391405,0.012000,-0.600000
640.392773,0.008000,-0.580000
640.394142,0.008000,-0.580000
640.395510,0.004000,-0.580000
640.396879,0.004000,-0.580000
640.398247,0.004000,-0.580000
640.399616,0.008000,-0.580000
640.400984,0.004000,-0.580000
640.402353,0.008000,-0.580000
640.403721,0.008000,-0.600000
640.405090,0.008000,-0.560000
640.406459,0.004000,-0.580000
640.407827,0.008000,-0.560000
640.409196,0.008000,-0.580000
640.410564,0.008000,-0.580000
640.411933,0.008000,-0.600000
640.413301,0.008000,-0.600000
640.414670,0.012000,-0.560000
640.416038,0.008000,-0.580000
640.417407,0.012000,-0.560000
640.418776,0.008000,-0.580000
640.420144,0.012000,-0.600000
640.421513,0.012000,-0.560000
640.422881,0.008000,-0.580000
640.424250,0.012000,-0.580000
640.425618,0.012000,-0.580000
640.426987,0.004000,-0.580000
640.428355,0.008000,-0.580000
640.429724,0.012000,-0.580000
640.431092,0.012000,-0.560000
640.432461,0.008000,-0.560000
640.433830,0.008000,-0.580000
640.435198,0.008000,-0.600000
640.436567,0.008000,-0.580000
640.437935,0.008000,-0.580000
640.439304,0.004000,-0.580000
640.440672,0.008000,-0.560000
640.442041,0.004000,-0.580000
640.443409,0.012000,-0.580000
640.444778,0.008000,-0.600000
640.446146,0.012000,-0.580000
640.447515,0.012000,-0.540000
640.448884,0.008000,-0.580000
640.450252,0.008000,-0.580000
640.451621,0.008000,-0.580000
640.452989,0.008000,-0.600000
640.454358,0.008000,-0.580000
640.455726,0.008000,-0.600000
640.457095,0.008000,-0.560000
640.458463,0.012000,-0.680000
640.459832,0.004000,-0.960000
640.461200,0.008000,-0.960000
640.462569,0.004000,-0.960000
640.463938,0.004000,-1.000000
640.465306,0.008000,-0.980000
640.466675,0.008000,-0.980000
640.468043,0.008000,-0.980000
640.469412,0.012000,-0.980000
640.470780,0.008000,-1.000000
640.472149,0.008000,-0.980000
640.473517,0.008000,-0.980000
640.474886,0.008000,-1.000000
640.476255,0.008000,-1.000000
640.477623,0.008000,-1.000000
640.478992,0.004000,-0.980000
640.480360,0.008000,-0.980000
640.481729,0.004000,-1.000000
640.483097,0.008000,-0.980000
640.484466,0.008000,-1.000000
640.485834,0.008000,-0.980000
640.487203,0.012000,-0.980000
640.488571,0.008000,-0.980000
640.489940,0.008000,-1.000000
640.491309,0.008000,-1.000000
640.492677,0.012000,-0.980000
640.494046,0.008000,-0.940000
640.495414,0.012000,-0.980000
640.496783,0.004000,-0.980000
640.498151,0.008000,-0.980000
640.499520,0.008000,-0.980000
640.500888,0.004000,-1.000000
640.502257,0.008000,-1.000000
640.503625,0.012000,-0.960000
640.504994,0.008000,-0.980000
640.506363,0.008000,-1.000000
640.507731,0.008000,-1.000000
640.509100,0.008000,-0.960000
640.510468,0.004000,-0.980000
640.511837,0.008000,-0.980000
640.513205,0.008000,-0.980000
640.514574,0.008000,-0.980000
640.515942,0.008000,-0.980000
640.517311,0.008000,-0.980000
640.518679,0.012000,-0.980000
640.520048,0.008000,-0.980000
640.521417,0.008000,-0.960000
640.522785,0.004000,-0.980000
640.524154,0.008000,-0.980000
640.525522,0.008000,-0.980000
640.526891,0.008000,-1.000000
640.528259,0.008000,-0.980000
640.529628,0.008000,-0.980000
640.530996,0.008000,-0.980000
640.532365,0.004000,-0.960000
640.533733,0.008000,-1.000000
640.535102,0.012000,-0.980000
640.536471,0.008000,-1.000000
640.537839,0.008000,-0.980000
640.539208,0.008000,-0.980000
640.540576,0.012000,-0.980000
640.541945,0.004000,-1.000000
640.543313,0.008000,-0.980000
640.544682,0.008000,-0.960000
640.546050,0.008000,-1.000000
640.547419,0.004000,-1.020000
640.548788,0.008000,-1.000000
640.550156,0.004000,-0.980000
640.551525,0.012000,-0.960000
640.552893,0.008000,-0.960000
640.554262,0.008000,-0.960000
640.555630,0.004000,-0.980000
640.556999,0.008000,-1.000000
640.558367,0.008000,-0.980000
640.559736,0.008000,-0.980000
640.561104,0.008000,-1.000000
640.562473,0.004000,-0.980000
640.563842,0.008000,-0.960000
640.565210,0.008000,-0.960000
640.566579,0.008000,-0.680000
640.567947,0.008000,-0.600000
640.569316,0.004000,-0.600000
640.570684,0.004000,-0.580000
640.572053,0.004000,-0.580000
640.573421,0.004000,-0.560000
640.574790,0.008000,-0.560000
640.576158,0.008000,-0.580000
640.577527,0.004000,-0.560000
640.578896,0.008000,-0.580000
640.580264,0.008000,-0.580000
640.581633,0.008000,-0.580000
640.583001,0.008000,-0.540000
640.584370,0.008000,-0.580000
640.585738,0.008000,-0.560000
640.587107,0.008000,-0.600000
640.588475,0.008000,-0.580000
640.589844,0.012000,-0.560000
640.591212,0.008000,-0.580000
640.592581,0.012000,-0.560000
640.593950,0.008000,-0.580000
640.595318,0.008000,-0.580000
640.596687,0.004000,-0.580000
640.598055,0.008000,-0.560000
640.599424,0.008000,-0.560000
640.600792,0.012000,-0.580000
640.602161,0.004000,-0.560000
640.603529,0.008000,-0.560000
640.604898,0.008000,-0.580000
640.606267,0.008000,-0.580000
640.607635,0.008000,-0.560000
640.609004,0.008000,-0.580000
640.610372,0.012000,-0.580000
640.611741,0.008000,-0.580000
640.613109,0.004000,-0.580000
640.614478,0.008000,-0.600000
640.615846,0.004000,-0.580000
640.617215,0.012000,-0.580000
640.618583,0.008000,-0.580000
640.619952,0.004000,-0.600000
640.621321,0.004000,-0.580000
640.622689,0.008000,-0.580000
640.624058,0.004000,-0.580000
640.625426,0.008000,-0.580000
640.626795,0.008000,-0.580000
640.628163,0.008000,-0.560000
640.629532,0.004000,-0.580000
640.630900,0.008000,-0.560000
640.632269,0.008000,-0.540000
640.633637,0.004000,-0.580000
640.635006,0.008000,-0.560000
640.636375,0.004000,-0.580000
640.637743,0.004000,-0.600000
640.639112,0.004000,-0.580000
640.640480,0.004000,-0.560000
640.641849,0.008000,-0.580000
640.643217,0.004000,-0.580000
640.644586,0.004000,-0.560000
640.645954,0.004000,-0.560000
640.647323,0.004000,-0.580000
640.648691,0.004000,-0.540000
640.650060,0.004000,-0.580000
640.651429,0.004000,-0.560000
640.652797,0.000000,-0.600000
640.654166,0.000000,-0.580000
640.655534,0.000000,-0.580000
640.656903,0.000000,-0.580000
640.658271,0.004000,-0.780000
640.659640,0.004000,-0.960000
640.661008,0.000000,-1.000000
640.662377,0.000000,-1.000000
640.663745,-0.004000,-0.980000
640.665114,-0.004000,-1.000000
640.666483,-0.004000,-0.960000
640.667851,-0.008000,-0.980000
640.669220,-0.004000,-1.000000
640.670588,0.000000,-1.000000
640.671957,0.000000,-0.980000
640.673325,0.000000,-0.980000
640.674694,-0.008000,-0.980000
640.676062,-0.008000,-0.980000
640.677431,-0.008000,-0.980000
640.678800,-0.004000,-0.960000
640.680168,-0.004000,-0.980000
640.681537,-0.008000,-0.960000
640.682905,-0.008000,-0.980000
640.684274,-0.004000,-0.980000
640.685642,-0.008000,-1.000000
640.687011,-0.004000,-0.960000
640.688379,-0.004000,-0.980000
640.689748,-0.008000,-0.980000
640.691116,-0.008000,-0.980000
640.692485,-0.004000,-0.960000
640.693854,-0.004000,-0.980000
640.695222,-0.004000,-0.960000
640.696591,-0.008000,-0.960000
640.697959,-0.004000,-0.980000
640.699328,-0.004000,-1.000000
640.700696,-0.004000,-0.960000
640.702065,-0.008000,-0.980000
640.703433,-0.004000,-1.000000
640.704802,-0.008000,-1.000000
640.706170,-0.004000,-0.980000
640.707539,0.000000,-1.000000
640.708908,-0.004000,-1.000000
640.710276,-0.004000,-1.000000
640.711645,-0.008000,-0.960000
640.713013,-0.004000,-0.980000
640.714382,0.000000,-1.000000
640.715750,0.000000,-0.980000
640.717119,0.000000,-0.980000
640.718487,0.004000,-0.960000
640.719856,0.004000,-0.960000
640.721224,0.000000,-0.980000
640.722593,0.000000,-0.980000
640.723962,0.004000,-0.980000
640.725330,0.004000,-0.980000
640.726699,0.000000,-1.000000
640.728067,0.000000,-0.980000
640.729436,0.004000,-0.980000
640.730804,-0.004000,-0.960000
640.732173,0.000000,-0.980000
640.733541,0.000000,-0.960000
640.734910,0.000000,-0.980000
640.736279,0.004000,-1.000000
640.737647,0.000000,-0.980000
640.739016,0.004000,-1.000000
640.740384,0.004000,-1.000000
640.741753,0.004000,-1.000000
640.743121,0.000000,-0.960000
640.744490,0.004000,-0.980000
640.745858,0.004000,-0.980000
640.747227,0.004000,-0.980000
640.748595,0.004000,-0.960000
640.749964,0.000000,-0.980000
640.751333,0.008000,-0.980000
640.752701,0.004000,-1.000000
640.754070,0.004000,-0.960000
640.755438,0.004000,-0.960000
640.756807,0.000000,-0.980000
640.758175,0.000000,-0.980000
640.759544,0.004000,-1.000000
640.760912,0.004000,-0.980000
640.762281,0.008000,-0.960000
640.763649,0.008000,-0.940000
640.765018,0.008000,-0.940000
640.766387,0.008000,-0.640000
640.767755,0.004000,-0.580000
640.769124,0.004000,-0.600000
640.770492,0.004000,-0.560000
640.771861,0.004000,-0.580000
640.773229,0.008000,-0.600000
640.774598,0.004000,-0.600000
640.775966,0.004000,-0.560000
640.777335,0.004000,-0.580000
640.778703,0.004000,-0.580000
640.780072,0.004000,-0.560000
640.781441,0.004000,-0.600000
640.782809,0.008000,-0.600000
640.784178,0.004000,-0.560000
640.785546,0.004000,-0.560000
640.786915,0.004000,-0.560000
640.788283,0.008000,-0.580000
640.789652,0.008000,-0.580000
640.791020,0.004000,-0.580000
640.792389,0.008000,-0.560000
640.793758,0.008000,-0.560000
640.795126,0.004000,-0.580000
640.796495,0.008000,-0.600000
640.797863,0.008000,-0.600000
640.799232,0.004000,-0.580000
640.800600,0.000000,-0.600000
640.801969,0.008000,-0.560000
640.803337,0.004000,-0.580000
640.804706,0.004000,-0.600000
640.806074,0.008000,-0.560000
640.807443,0.008000,-0.600000
640.808812,0.004000,-0.560000
640.810180,0.008000,-0.580000
640.811549,0.008000,-0.580000
640.812917,0.004000,-0.580000
640.814286,0.008000,-0.580000
640.815654,0.012000,-0.600000
640.817023,0.004000,-0.580000
640.818391,0.008000,-0.580000
640.819760,0.008000,-0.600000
640.821128,0.008000,-0.580000
640.822497,0.008000,-0.580000
640.823866,0.008000,-0.580000
640.825234,0.008000,-0.580000
640.826603,0.008000,-0.560000
640.827971,0.012000,-0.600000
640.829340,0.008000,-0.560000
640.830708,0.012000,-0.560000
640.832077,0.012000,-0.580000
640.833445,0.004000,-0.560000
640.834814,0.004000,-0.580000
640.836182,0.008000,-0.580000
640.837551,0.012000,-0.580000
640.838920,0.008000,-0.580000
640.840288,0.008000,-0.580000
640.841657,0.008000,-0.580000
640.843025,0.008000,-0.580000
640.844394,0.004000,-0.580000
640.845762,0.008000,-0.580000
640.847131,0.004000,-0.560000
640.848499,0.004000,-0.580000
640.849868,0.012000,-0.580000
640.851236,0.004000,-0.580000
640.852605,0.012000,-0.600000
640.853974,0.008000,-0.560000
640.855342,0.008000,-0.580000
640.856711,0.008000,-0.580000
640.858079,0.004000,-0.880000
640.859448,0.008000,-0.960000
640.860816,0.008000,-1.000000
640.862185,0.008000,-0.980000
640.863553,0.008000,-0.980000
640.864922,0.012000,-0.980000
640.866291,0.004000,-0.980000
640.867659,0.008000,-0.980000
640.869028,0.008000,-0.980000
640.870396,0.004000,-0.980000
640.871765,0.008000,-0.980000
640.873133,0.008000,-0.980000
640.874502,0.008000,-0.980000
640.875870,0.008000,-0.980000
640.877239,0.008000,-1.020000
640.878607,0.008000,-0.980000
640.879976,0.012000,-1.020000
640.881345,0.008000,-0.980000
640.882713,0.008000,-0.980000
640.884082,0.008000,-1.000000
640.885450,0.012000,-1.000000
640.886819,0.012000,-0.980000
640.888187,0.008000,-1.000000
640.889556,0.004000,-0.980000
640.890924,0.008000,-1.000000
640.892293,0.008000,-0.960000
640.893661,0.008000,-1.000000
640.895030,0.008000,-1.000000
640.896399,0.008000,-0.980000
640.897767,0.008000,-0.960000
640.899136,0.012000,-0.960000
640.900504,0.004000,-0.940000
640.901873,0.004000,-0.980000
640.903241,0.004000,-1.000000
640.904610,0.004000,-1.000000
640.905978,0.008000,-0.980000
640.907347,0.004000,-0.980000
640.908715,0.004000,-1.000000
640.910084,0.008000,-0.980000
640.911453,0.008000,-0.960000
640.912821,0.008000,-0.980000
640.914190,0.008000,-1.000000
640.915558,0.008000,-0.960000
640.916927,0.012000,-0.960000
640.918295,0.008000,-0.980000
640.919664,0.008000,-0.960000
640.921032,0.012000,-0.980000
640.922401,0.008000,-0.980000
640.923770,0.008000,-1.000000
640.925138,0.008000,-1.000000
640.926507,0.008000,-1.000000
640.927875,0.004000,-0.960000
640.929244,0.004000,-0.980000
640.930612,0.004000,-0.980000
640.931981,0.012000,-0.980000
640.933349,0.008000,-1.000000
640.934718,0.004000,-0.960000
640.936086,0.008000,-1.000000
640.937455,0.008000,-0.980000
640.938824,0.004000,-0.980000
640.940192,0.008000,-0.980000
640.941561,0.008000,-1.000000
640.942929,0.012000,-1.000000
640.944298,0.012000,-0.980000
640.945666,0.008000,-0.980000
640.947035,0.004000,-0.980000
640.948403,0.004000,-0.980000
640.949772,0.008000,-0.960000
640.951140,0.008000,-1.000000
640.952509,0.008000,-1.000000
640.953878,0.008000,-1.000000
640.955246,0.008000,-0.980000
640.956615,0.012000,-0.980000
640.957983,0.008000,-0.980000
640.959352,0.008000,-0.960000
640.960720,0.008000,-0.960000
640.962089,0.008000,-0.980000
640.963457,0.008000,-0.980000
640.964826,0.008000,-0.940000
640.966194,0.016000,0.080000
640.967563,0.008000,0.100000
640.968932,0.008000,0.100000
640.970300,0.008000,0.080000
640.971669,0.012000,0.100000
640.973037,0.008000,0.100000
640.974406,0.012000,0.120000
640.975774,0.004000,0.100000
640.977143,0.008000,0.120000
640.978511,0.008000,0.100000
640.979880,0.008000,0.100000
640.981248,0.008000,0.100000
640.982617,0.008000,0.100000
640.983986,0.008000,0.100000
640.985354,0.008000,0.080000
640.986723,0.008000,0.080000
640.988091,0.008000,0.080000
640.989460,0.012000,0.080000
640.990828,0.012000,0.080000
640.992197,0.012000,0.100000
640.993565,0.004000,0.120000
640.994934,0.008000,0.120000
640.996303,0.008000,0.120000
640.997671,0.008000,0.120000
640.999040,0.004000,0.120000
641.000408,0.012000,0.120000
641.001777,0.004000,0.140000
641.003145,0.008000,0.120000
641.004514,0.008000,0.140000
641.005882,0.004000,0.120000
641.007251,0.004000,0.100000
641.008619,0.012000,0.120000
641.009988,0.004000,0.140000
641.011357,0.008000,0.100000
641.012725,0.008000,0.100000
641.014094,0.008000,0.120000
641.015462,0.012000,0.100000
641.016831,0.004000,0.120000
641.018199,0.008000,0.120000
641.019568,0.012000,0.140000
641.020936,0.008000,0.120000
641.022305,0.008000,0.120000
641.023673,0.008000,0.100000
641.025042,0.008000,0.120000
641.026411,0.008000,0.140000
641.027779,0.004000,0.120000
641.029148,0.008000,0.120000
641.030516,0.008000,0.100000
641.031885,0.004000,0.120000
641.033253,0.004000,0.140000
641.034622,0.012000,0.120000
641.035990,0.004000,0.140000
641.037359,0.008000,0.100000
641.038727,0.004000,0.140000
641.040096,0.004000,0.100000
641.041465,0.012000,0.120000
641.042833,0.008000,0.100000
641.044202,0.004000,0.100000
641.045570,0.008000,0.120000
641.046939,0.008000,0.120000
641.048307,0.008000,0.100000
641.049676,0.008000,0.120000
641.051044,0.008000,0.120000
641.052413,0.004000,0.120000
641.053782,0.008000,0.120000
641.055150,0.008000,0.140000
641.056519,0.008000,0.140000
641.057887,0.008000,0.120000
641.059256,0.012000,0.100000
641.060624,0.008000,0.120000
641.061993,0.008000,0.100000
641.063361,0.004000,0.120000
641.064730,0.008000,0.120000
641.066098,0.008000,0.100000
641.067467,0.012000,0.140000
641.068836,0.012000,0.120000
641.070204,0.004000,0.100000
641.071573,0.008000,0.080000
641.072941,0.004000,-0.740000
641.074310,0.004000,-0.940000
641.075678,0.008000,-1.000000
641.077047,0.008000,-1.000000
641.078415,0.004000,-0.980000
641.079784,0.008000,-0.960000
641.081152,0.008000,-0.980000
641.082521,0.008000,-0.980000
641.083890,0.008000,-0.980000
641.085258,0.004000,-0.960000
641.086627,0.008000,-0.980000
641.087995,0.004000,-0.960000
641.089364,0.008000,-1.000000
641.090732,0.008000,-1.000000
641.092101,0.008000,-0.980000
641.093469,0.008000,-0.980000
641.094838,0.012000,-0.960000
641.096206,0.008000,-0.960000
641.097575,0.008000,-0.980000
641.098944,0.012000,-1.000000
641.100312,0.012000,-1.000000
641.101681,0.012000,-1.000000
641.103049,0.008000,-1.000000
641.104418,0.008000,-0.980000
641.105786,0.008000,-1.000000
641.107155,0.008000,-1.000000
641.108523,0.008000,-1.000000
641.109892,0.012000,-1.000000
641.111261,0.008000,-1.000000
641.112629,0.008000,-1.020000
641.113998,0.008000,-1.000000
641.115366,0.008000,-1.000000
641.116735,0.004000,-0.980000
641.118103,0.012000,-0.980000
641.119472,0.008000,-0.960000
641.120840,0.008000,-1.020000
641.122209,0.004000,-1.020000
641.123577,0.008000,-0.980000
641.124946,0.008000,-1.000000
641.126315,0.008000,-1.000000
641.127683,0.008000,-1.000000
641.129052,0.004000,-1.020000
641.130420,0.008000,-1.000000
641.131789,0.008000,-1.000000
641.133157,0.008000,-0.960000
641.134526,0.004000,-1.000000
641.135894,0.008000,-1.000000
641.137263,0.004000,-0.980000
641.138631,0.008000,-0.980000
641.140000,0.004000,-0.980000
641.141369,0.008000,-0.980000
641.142737,0.008000,-1.000000
641.144106,0.012000,-1.000000
641.145474,0.008000,-1.000000
641.146843,0.008000,-0.980000
641.148211,0.008000,-1.000000
641.149580,0.008000,-0.960000
641.150948,0.012000,-1.020000
641.152317,0.008000,-1.000000
641.153685,0.004000,-1.000000
641.155054,0.004000,-1.000000
641.156423,0.008000,-1.000000
641.157791,0.012000,-0.980000
641.159160,0.008000,-1.000000
641.160528,0.008000,-1.000000
641.161897,0.004000,-1.000000
641.163265,0.004000,-0.980000
641.164634,0.008000,-0.660000
641.166002,0.008000,-0.560000
641.167371,0.012000,-0.580000
641.168739,0.008000,-0.580000
641.170108,0.008000,-0.560000
641.171477,0.008000,-0.580000
641.172845,0.008000,-0.560000
641.174214,0.008000,-0.560000
641.175582,0.008000,-0.580000
641.176951,0.004000,-0.560000
641.178319,0.008000,-0.600000
641.179688,0.004000,-0.560000
641.181056,0.008000,-0.560000
641.182425,0.012000,-0.580000
641.183794,0.012000,-0.580000
641.185162,0.004000,-0.580000
641.186531,0.008000,-0.560000
641.187899,0.004000,-0.560000
641.189268,0.008000,-0.560000
641.190636,0.008000,-0.540000
641.192005,0.008000,-0.540000
641.193373,0.008000,-0.580000
641.194742,0.008000,-0.580000
641.196110,0.008000,-0.580000
641.197479,0.004000,-0.580000
641.198848,0.008000,-0.580000
641.200216,0.004000,-0.580000
641.201585,0.008000,-0.600000
641.202953,0.004000,-0.580000
641.204322,0.012000,-0.560000
641.205690,0.008000,-0.560000
641.207059,0.008000,-0.580000
641.208427,0.008000,-0.560000
641.209796,0.004000,-0.560000
641.211164,0.008000,-0.620000
641.212533,0.008000,-0.580000
641.213902,0.008000,-0.580000
641.215270,0.008000,-0.580000
641.216639,0.004000,-0.560000
641.218007,0.008000,-0.560000
641.219376,0.008000,-0.580000
641.220744,0.004000,-0.560000
641.222113,0.004000,-0.560000
641.223481,0.008000,-0.580000
641.224850,0.008000,-0.600000
641.226218,0.012000,-0.580000
641.227587,0.012000,-0.600000
641.228956,0.008000,-0.560000
641.230324,0.012000,-0.540000
641.231693,0.004000,-0.580000
641.233061,0.008000,-0.580000
641.234430,0.008000,-0.560000
641.235798,0.012000,-0.580000
641.237167,0.008000,-0.580000
641.238535,0.004000,-0.580000
641.239904,0.008000,-0.580000
641.241273,0.008000,-0.560000
641.242641,0.008000,-0.580000
641.244010,0.008000,-0.580000
641.245378,0.012000,-0.580000
641.246747,0.008000,-0.580000
641.248115,0.004000,-0.580000
641.249484,0.008000,-0.600000
641.250852,0.008000,-0.560000
641.252221,0.008000,-0.580000
641.253589,0.004000,-0.580000
641.254958,0.004000,-0.580000
641.256327,0.008000,-0.580000
641.257695,0.008000,-0.580000
641.259064,0.008000,-0.600000
641.260432,0.012000,-0.560000
641.261801,0.012000,-0.580000
641.263169,0.012000,-0.600000
641.264538,0.008000,-0.580000
641.265906,0.008000,-0.580000
641.267275,0.008000,-0.600000
641.268643,0.008000,-0.560000
641.270012,0.008000,-0.560000
641.271381,0.012000,-0.560000
641.272749,0.008000,-0.900000
641.274118,0.008000,-0.980000
641.275486,0.008000,-0.960000
641.276855,0.008000,-0.960000
641.278223,0.008000,-1.000000
641.279592,0.012000,-0.980000
641.280960,0.012000,-0.980000
641.282329,0.008000,-0.980000
641.283697,0.012000,-0.980000
641.285066,0.008000,-1.000000
641.286435,0.012000,-0.980000
641.287803,0.008000,-1.000000
641.289172,0.008000,-0.980000
641.290540,0.008000,-1.000000
641.291909,0.008000,-0.980000
641.293277,0.008000,-0.980000
641.294646,0.012000,-1.020000
641.296014,0.008000,-0.980000
641.297383,0.004000,-0.980000
641.298752,0.008000,-0.980000
641.300120,0.008000,-0.980000
641.301489,0.004000,-1.000000
641.302857,0.008000,-0.980000
641.304226,0.004000,-1.000000
641.305594,0.000000,-0.960000
641.306963,0.004000,-0.960000
641.308331,0.000000,-0.960000
641.309700,0.000000,-0.980000
641.311068,0.004000,-1.000000
641.312437,0.000000,-1.000000
641.313806,0.000000,-1.000000
641.315174,0.000000,-1.000000
641.316543,0.000000,-0.980000
641.317911,-0.004000,-0.980000
641.319280,0.000000,-0.980000
641.320648,0.000000,-1.000000
641.322017,-0.008000,-0.980000
641.323385,-0.004000,-0.980000
641.324754,0.000000,-1.000000
641.326122,0.000000,-0.980000
641.327491,0.000000,-0.980000
641.328860,0.000000,-0.980000
641.330228,-0.004000,-0.980000
641.331597,-0.004000,-0.980000
641.332965,0.000000,-0.980000
641.334334,-0.004000,-0.980000
641.335702,-0.008000,-0.980000
641.337071,-0.004000,-0.980000
641.338439,-0.004000,-0.980000
641.339808,-0.004000,-1.020000
641.341176,-0.008000,-1.000000
641.342545,-0.008000,-0.980000
641.343914,-0.008000,-0.980000
641.345282,-0.004000,-0.980000
641.346651,-0.008000,-0.980000
641.348019,-0.004000,-0.980000
641.349388,-0.004000,-0.980000
641.350756,-0.012000,-0.980000
641.352125,-0.008000,-0.960000
641.353493,-0.008000,-0.980000
641.354862,-0.012000,-0.980000
641.356230,-0.012000,-0.960000
641.357599,-0.008000,-0.980000
641.358968,-0.008000,-1.000000
641.360336,-0.012000,-0.960000
641.361705,-0.008000,-0.980000
641.363073,-0.008000,-0.980000
641.364442,-0.008000,-0.660000
641.365810,-0.012000,-0.560000
641.367179,-0.012000,-0.580000
641.368547,-0.008000,-0.580000
